5737
5415
3844
3489
3277
3268
3172
2923
2883
2867
2866
2865
2591
2589
2573
2572
2529
2330
2329
2321
5254
5058
4878
3707
3317
3316
3310
3171
3089
2996
2864
2358
5636
3176
3175
3174
3173
3170
3150
3149
3112
3111
3109
3108
3084
3083
3065
3064
3039
3038
3037
3036
3035
3018
3014
3011
3008
3007
2998
2996
2952
2947
2946
2945
2942
2941
2940
2939
2928
2923
2922
2921
2920
2910
2896
2894
2890
2889
2888
2887
2886
2882
2881
2880
2879
2867
2866
2864
2862
2852
2851
2654
2653
2651
2650
2649
2646
2645
2592
2591
2589
2578
2572
2567
2560
2555
2552
2530
2525
2511
2510
2488
2487
2435
2434
2426
2425
2423
2419
2409
2401
2400
2399
2397
2396
2395
2394
2392
2380
2360
2345
2344
2343
2342
2341
2321
2301
2299
2298
2297
2288
2284
2283
2282
2277
2264
2263
2223
2220
2217
2216
2215
2214
2213
2164
2163
2162
2161
2159
2157
2156
2155
2154
2153
2151
2141
2138
2137
2136
2135
2134
2132
2131
2130
2129
2128
2127
2126
2125
2122
2120
2119
2113
2112
2111
2110
2109
2108
2106
2085
2082
2076
2074
2073
2072
2067
2066
2027
2026
2024
2023
2022
2021
2020
2019
3088
3087
  3393
   3395
    3439
     3481
  3482
    3949 
     5797 
      5464  
     5797
       1501 
      1506  
     1508 
      1511  
     1512 
      1513
        1514 
         1515 
          1517  
     2044 
    2045  
    2048 
    2524
    3118
    6284
         6285
         1100
         1198
         1094
         1092
         1089
         1088
         1079
         1074
         1041